operating_conditions:
  temperature_C: 220.0
  pressure_bar: 25.0
  compressibility_factor: 1.0

feed:
  total_flow_kmol_h: 1000 ##40608.05

  composition:
    H2: 0.9413
    CO: 0.0399
    CO2: 0.0097
    H2O: 0.0012
    C1: 0.0073
    C3: 0.0011
    C6: 0.0001
    C11: 0.0
    C18: 0.0

target_x_co: 0.8

design_basis:
  ghsv_h: 2000
  max_shell_diameter_m: 4.0
  reactors_max_search: 12

geometry_constraints:
  LD_min: 3.0
  LD_max: 5.0
  tube_length_min_m: 4.0
  tube_length_max_m: 16.0
  tube_length_step_m: 0.5

reactor_geometry:
  tube_inner_diameter_m: 0.0348
  tube_outer_diameter_m: 0.0380
  bundle_clearance_m: 0.097

bed_properties:
  void_fraction: 0.64
  particle_diameter_m: 0.00066
  gas_viscosity_Pa_s: 2.0e-5

kinetics:
  rate_constant: 0.0339
  adsorption_constant: 1.185
  catalyst_density_kg_m3: 7840
  catalyst_volume_mode: "max"

reaction_extents_kmol_h:
  C1: 260.5129105
  C3: 57.61741815
  C6: 37.82304527
  C11: 42.61473710
  C18: 6.55611340

dh_kj_per_kmol:
  C1: -206166
  C3: -498588
  C6: -954876
  C11: -1714556
  C18: -2777928
